#created by Aegon5
#main
21502796
21502796
21502796
58996430
58996430
58996430
37742478
37742478
94381039
94381039
22624373
22624373
57774843
57774843
7183277
9596126
44178886
59019082
44330098
85087012
95503687
33420078
5220687
4906301
98777036
691925
691925
691925
94886282
69162969
87910978
75500286
60682203
19613556
67169062
81439173
14087893
5318639
16255442
97077563
#extra
79229522
27315304
70902743
23693634
70780151
44508094
73580471
31924889
7391448
97204936
50321796
63101919
43385557
26593852
29071332
!side
70095154
70095154
2980764
2980764
88240808
42703248
69279219
60082869
60082869
60082869
29401950
29401950
53582587
44095762
41420027
