#created by BlackOrpheus
#main
22835145
22835145
22835145
85215458
85215458
85215458
49003716
49003716
49003716
58820853
58820853
58820853
75498415
75498415
75498415
72714392
2009101
65192027
91351370
91351370
37520316
87910978
19613556
1475311
14087893
14087893
5318639
53567095
53567095
53567095
29401950
29401950
70342110
70342110
30461781
30461781
64697231
44095762
58120309
41420027
#extra
79229522
70902743
23693634
33236860
70780151
44508094
69031175
69031175
73580471
7391448
50321796
76913983
76913983
43385557
26593852
!side
42009836
42009836
70095154
70095154
24508238
71564252
71044499
71044499
69162969
35027493
35027493
53341729
53341729
34717238
34717238
