#created by Tami - https://cardcluster.com/deck/PwwDaJ
#main
68468459
36637374
68468459
36637374
68468459
36637374
62962630
29948294
62962630
29948294
62962630
29948294
25451383
44362883
25451383
44362883
25451383
82738008
95515789
34090915
95515789
18973184
45883110
34995106
45883110

19096726
48130397
19096726
48130397
55273560
48130397
45484331
6498706
36577931
6498706
60242223
6498706
60242223
35269904
60242223
35269904
32731036
35269904
14558127
25311006
14558127
81439173
14558127
75500286
6763530
17751597
43331750
49299410
#extra
87746184
87746184
38811586

44146295
70534340
41373230
51409648
24915933
11321089
72578374
69946549
11765832
54757758
53971455
!side
34267821
34267821
34267821
54693926
54693926
54693926


18144506
83326048
31849106
3410461
72272462
9551692
